
W{1} = [-4.255302906036376953e+00 9.255799293518066406e+00 8.464094161987304688e+00 9.459510803222656250e+00
3.579325914382934570e+00 -5.630774497985839844e+00 -1.165148639678955078e+01 -3.673492193222045898e+00
6.716397285461425781e+00 2.672696486115455627e-02 2.995013713836669922e+00 -5.271927356719970703e+00
4.790416717529296875e+00 -2.044695615768432617e+00 3.455595493316650391e+00 4.969892024993896484e+00
2.861540794372558594e+00 -3.493865251541137695e+00 2.329212427139282227e+00 -1.475865602493286133e+00
]

b{1} = [-5.010019302368164062e+00
-3.179652929306030273e+00
-1.260041356086730957e+00
-6.285098552703857422e+00
]

W{2} = [4.178935050964355469e+00 4.664265632629394531e+00 -4.670185565948486328e+00 8.394834518432617188e+00
-8.428948402404785156e+00 -7.277074813842773438e+00 -4.372631609439849854e-01 3.982690811157226562e+00
5.684763193130493164e-01 -2.093506008386611938e-01 5.536867141723632812e+00 -1.102881622314453125e+01
-9.858534812927246094e+00 -9.566007614135742188e+00 -5.003136992454528809e-01 7.620602130889892578e+00
]

b{2} = [2.840191364288330078e+00
2.701873064041137695e+00
1.267649605870246887e-02
-3.702142477035522461e+00
]

W{3} = [-9.299821853637695312e+00 3.372265100479125977e+00
-1.107798671722412109e+01 3.462110519409179688e+00
6.388637542724609375e+00 8.722294807434082031e+00
2.109698057174682617e+00 -1.414426898956298828e+01
]

b{3} = [4.675879478454589844e+00
-3.665218353271484375e-01
]
