s_eta = [0.01 0.01 ];
s_ll = [0.5 5 ];
s_ur = [1.5 6 ];

u_eta = [1 ];
u_ll = [1 ];
u_ur = [2 ];

W{1} = [-3.550309658050537109e+00 -1.343896865844726562e+00 1.634250044822692871e+00 3.543763637542724609e+00 2.343520164489746094e+00 8.068065643310546875e-01 8.132359385490417480e-01 1.304422855377197266e+00 1.632239222526550293e+00 -1.460484385490417480e+00 2.583865880966186523e+00 -5.553384423255920410e-01 1.632188677787780762e+00 1.696473717689514160e+00 2.675297975540161133e+00 -3.920393586158752441e-01 -3.720554590225219727e+00 -3.198055744171142578e+00 -3.218689918518066406e+00 1.673494815826416016e+00 -8.552690744400024414e-01 -4.736675322055816650e-01 -1.039828896522521973e+00 -3.867612123489379883e+00 -5.571864545345306396e-02 4.276299953460693359e+00 2.343891382217407227e+00 9.028084874153137207e-01 -3.219841480255126953e+00 1.801324605941772461e+00 1.637000441551208496e+00 -9.538354277610778809e-01
-4.818822383880615234e+00 4.282786369323730469e+00 -3.460104227066040039e+00 -2.097829580307006836e+00 -3.214723825454711914e+00 1.185044407844543457e+00 2.517268896102905273e+00 -3.903985261917114258e+00 3.874308347702026367e+00 4.826951503753662109e+00 -2.537004947662353516e+00 3.829932689666748047e+00 -3.505492687225341797e+00 -4.106419563293457031e+00 -3.775371551513671875e+00 4.221565246582031250e+00 3.560580492019653320e+00 -6.038790702819824219e+00 -2.752492189407348633e+00 -4.181413352489471436e-02 4.652091026306152344e+00 1.515214204788208008e+00 -4.068434238433837891e+00 9.167587161064147949e-01 3.908670186996459961e+00 4.635170936584472656e+00 2.680145740509033203e+00 -1.941462755203247070e-01 4.274130344390869141e+00 5.323232173919677734e+00 -3.691335916519165039e+00 4.792564392089843750e+00
-6.014205455780029297e+00 -2.011860847473144531e+00 2.039819002151489258e+00 5.906011581420898438e+00 5.656631946563720703e+00 -2.510490417480468750e-01 -8.870695233345031738e-01 3.198445558547973633e+00 2.347588166594505310e-02 -3.959743499755859375e+00 2.492560148239135742e+00 -2.502144575119018555e+00 2.436820030212402344e+00 3.001083612442016602e+00 2.365823507308959961e+00 -1.513489127159118652e+00 -3.891044139862060547e+00 -2.162418365478515625e+00 -5.793556571006774902e-01 9.774452447891235352e-01 -2.642692327499389648e+00 -3.218144893646240234e+00 8.091676980257034302e-02 6.072301387786865234e+00 -1.088038325309753418e+00 3.511459112167358398e+00 3.672831296920776367e+00 4.293847560882568359e+00 -3.861848592758178711e+00 -2.188701629638671875e+00 2.252681732177734375e+00 -2.665167331695556641e+00
-1.848559617996215820e+00 -6.256148815155029297e-01 1.296393394470214844e+00 3.256375551223754883e+00 -2.823793888092041016e-01 7.735405564308166504e-01 -1.477572619915008545e-01 2.068604946136474609e+00 -3.872522592544555664e+00 -1.642026066780090332e+00 6.762802600860595703e-01 -1.543576359748840332e+00 1.257723450660705566e+00 1.505501985549926758e+00 6.843650341033935547e-01 -1.473368883132934570e+00 -3.192824602127075195e+00 -1.037530183792114258e+00 4.569251060485839844e+00 1.276069164276123047e+00 -1.622284531593322754e+00 -4.246621429920196533e-01 -8.616047352552413940e-02 -4.540188789367675781e+00 -3.623332500457763672e+00 -1.716263413429260254e+00 -2.451280832290649414e+00 3.183012962341308594e+00 3.774663209915161133e+00 -1.360354304313659668e+00 1.110075950622558594e+00 -1.240523338317871094e+00
1.582901477813720703e+00 -5.911296010017395020e-01 7.973352074623107910e-01 2.847076177597045898e+00 2.443890094757080078e+00 1.583303928375244141e+00 -1.835800170898437500e+00 4.262496829032897949e-01 -9.459596872329711914e-01 -1.326531052589416504e+00 -2.256659865379333496e-01 3.037575483322143555e-01 1.402965664863586426e+00 5.175731182098388672e-01 2.737644612789154053e-01 -6.446952223777770996e-01 -1.652607917785644531e+00 -2.385302782058715820e+00 -2.065274000167846680e+00 -2.226191759109497070e-01 -7.652647495269775391e-01 5.799015760421752930e-01 8.036981225013732910e-01 -2.446899890899658203e+00 3.498051762580871582e-01 -9.234796762466430664e-01 3.827433586120605469e-01 1.331756711006164551e+00 1.714814305305480957e+00 -1.283534169197082520e+00 3.583458960056304932e-01 -8.392789959907531738e-01
2.609196901321411133e+00 4.688824176788330078e+00 -4.347950458526611328e+00 -2.249596118927001953e+00 -1.271388411521911621e+00 -4.566766738891601562e+00 1.203899860382080078e+00 -4.670399188995361328e+00 2.347716808319091797e+00 5.039805889129638672e+00 -3.907468318939208984e+00 4.641293048858642578e+00 -4.413108348846435547e+00 -4.629259109497070312e+00 -2.690072059631347656e+00 3.691570997238159180e+00 1.041352033615112305e+00 1.148328900337219238e+00 -1.486695408821105957e+00 -3.776092529296875000e+00 4.339597225189208984e+00 2.545842170715332031e+00 -6.988499164581298828e+00 9.600825309753417969e-01 3.943057060241699219e-01 5.378235340118408203e+00 7.826470732688903809e-01 -6.739118695259094238e-01 -4.882444381713867188e+00 -8.815565705299377441e-02 -4.558158397674560547e+00 4.788666248321533203e+00
-1.069660305976867676e+00 -2.809922933578491211e+00 2.435018539428710938e+00 -1.422079563140869141e+00 2.512529611587524414e+00 1.818467378616333008e+00 -1.029366493225097656e+00 2.291505098342895508e+00 -3.843951463699340820e+00 -2.371659278869628906e+00 1.453928947448730469e+00 -2.786777019500732422e+00 2.042455673217773438e+00 2.301003694534301758e+00 1.232332825660705566e+00 -1.961195707321166992e+00 -1.908712029457092285e+00 -8.601136803627014160e-01 5.495997667312622070e-01 7.753939032554626465e-01 -2.698892116546630859e+00 -1.011489987373352051e+00 -2.800008296966552734e+00 7.407491207122802734e+00 -1.122343897819519043e+00 -2.437002897262573242e+00 -1.905417919158935547e+00 -5.755342483520507812e+00 -2.365967988967895508e+00 -1.518182873725891113e+00 2.480374574661254883e+00 -2.687396764755249023e+00
5.010962486267089844e-01 3.397199392318725586e+00 -3.642960786819458008e+00 -1.835062742233276367e+00 -3.020745515823364258e+00 -1.873769164085388184e+00 2.312981367111206055e+00 -3.345077991485595703e+00 1.873983383178710938e+00 3.834175109863281250e+00 6.683644652366638184e-02 3.211184501647949219e+00 -3.157732486724853516e+00 -3.406855821609497070e+00 -3.671353578567504883e+00 2.401156425476074219e+00 2.225843667984008789e+00 -1.700637578964233398e+00 -4.018085002899169922e+00 -4.689990520477294922e+00 3.397839069366455078e+00 1.479905843734741211e+00 3.108082294464111328e+00 -1.464312553405761719e+00 2.932365894317626953e+00 3.110830068588256836e+00 8.612665534019470215e-01 2.169962644577026367e+00 4.760698795318603516e+00 1.846057653427124023e+00 -3.198399066925048828e+00 3.619242906570434570e+00
7.724577188491821289e-01 -4.128856182098388672e+00 2.698792457580566406e+00 -2.430590629577636719e+00 -1.966149061918258667e-01 3.800913989543914795e-01 -2.159408807754516602e+00 3.784921407699584961e+00 -4.004245758056640625e+00 -3.215840101242065430e+00 1.042987108230590820e+00 -2.402518033981323242e+00 2.975858688354492188e+00 2.890331029891967773e+00 8.989891409873962402e-01 -3.137754678726196289e+00 -1.262639522552490234e+00 -2.124005794525146484e+00 -2.859470605850219727e+00 1.762931942939758301e+00 -3.211318731307983398e+00 -2.062561035156250000e+00 -1.761396408081054688e+00 4.652335166931152344e+00 -7.234805822372436523e-02 -2.864637374877929688e+00 -4.094431877136230469e+00 -4.899930953979492188e+00 1.730934858322143555e+00 -8.184844255447387695e-01 2.297273874282836914e+00 -3.399775981903076172e+00
