s_eta = [0.01 0.01 ];
s_ll = [0.65000000000000002 4.9500000000000002 ];
s_ur = [1.6499999999999999 5.9500000000000002 ];

u_eta = [1 ];
u_ll = [1 ];
u_ur = [2 ];

W{1} = [-6.239654064178466797e+00 -1.655930995941162109e+00 5.323184013366699219e+00 -3.856114625930786133e+00 -6.958514213562011719e+00 -1.980833411216735840e+00 -3.241611719131469727e-01 -1.942392349243164062e+00 -1.877905726432800293e+00 5.079730987548828125e+00 -4.117765903472900391e+00 3.513750314712524414e+00 -3.898047685623168945e+00 2.416432648897171021e-01 -2.657764673233032227e+00 -2.733295202255249023e+00 3.340609073638916016e-01 -2.825915575027465820e+00 -2.189435958862304688e+00 -4.981798171997070312e+00 6.297952651977539062e+00 -1.535003066062927246e+00 -1.166698575019836426e+00 -5.320051193237304688e+00 -1.573441505432128906e+00 7.038918495178222656e+00 -3.921086549758911133e+00 3.059450626373291016e+00 6.279846668243408203e+00 -1.505250453948974609e+00 3.599050760269165039e+00 3.819243907928466797e+00
-8.142676949501037598e-01 6.784449577331542969e+00 -8.568981289863586426e-01 -1.978864908218383789e+00 5.551388263702392578e+00 5.291466712951660156e+00 3.294579982757568359e+00 6.749911308288574219e+00 1.345615148544311523e+00 7.428855419158935547e+00 5.586034297943115234e+00 7.418718814849853516e+00 -3.519150733947753906e+00 1.787031054496765137e+00 2.391017436981201172e+00 -2.952007293701171875e+00 3.914178609848022461e+00 -8.615613937377929688e+00 4.039269924163818359e+00 5.244621038436889648e-01 -4.711459577083587646e-01 -2.934139966964721680e+00 4.245966672897338867e-02 -7.210325241088867188e+00 -1.808844804763793945e+00 -5.857537984848022461e-01 -4.429249286651611328e+00 4.352237701416015625e+00 -6.720980167388916016e+00 3.226898908615112305e+00 -5.461460113525390625e+00 -7.825971841812133789e-01
-5.823897838592529297e+00 -1.177953362464904785e+00 -1.265058875083923340e+00 -4.649954736232757568e-01 -3.357486248016357422e+00 -4.358502864837646484e+00 4.858869612216949463e-01 -4.208668708801269531e+00 -1.049408626556396484e+01 -2.181807994842529297e+00 -3.600902318954467773e+00 -2.408804893493652344e+00 -4.263538360595703125e+00 4.243552684783935547e+00 5.429358482360839844e-01 -7.347758769989013672e+00 -1.325323677062988281e+01 -3.241979122161865234e+00 -2.329245090484619141e+00 -6.415110111236572266e+00 -6.337597966194152832e-01 -5.389245510101318359e+00 -5.527707576751708984e+00 -1.374225139617919922e+01 -7.052736282348632812e+00 2.346369981765747070e+00 -1.590376949310302734e+01 1.875283837318420410e+00 2.951747655868530273e+00 -3.057842493057250977e+00 -9.627968788146972656e+00 -7.359364986419677734e+00
-9.140401840209960938e+00 5.857875347137451172e-01 -1.235276222229003906e+00 -1.467409229278564453e+01 -2.540795803070068359e-01 -2.376776933670043945e+00 -6.136552333831787109e+00 -2.171028852462768555e+00 -2.231677532196044922e+00 4.910811901092529297e+00 -1.631196379661560059e+00 3.571097373962402344e+00 -1.276519775390625000e+00 9.782096147537231445e-01 4.967185974121093750e+00 -3.394443273544311523e+00 -5.496921539306640625e+00 -1.177242279052734375e+00 -3.955388784408569336e+00 -5.768125057220458984e+00 4.043345451354980469e+00 1.616606116294860840e+00 -3.671766996383666992e+00 -1.380334568023681641e+01 -1.899075698852539062e+01 2.850428581237792969e+00 -8.997303962707519531e+00 1.695631504058837891e+00 -4.117463111877441406e+00 -1.652112007141113281e+00 3.959120988845825195e+00 -6.019338607788085938e+00
2.242885828018188477e+00 -2.956127643585205078e+00 4.580331325531005859e+00 -1.511790752410888672e+01 1.380689740180969238e+00 -4.375002682209014893e-01 -3.090186119079589844e+00 -1.886085510253906250e+00 -3.684397935867309570e+00 2.733916282653808594e+00 -1.180905580520629883e+00 9.622085094451904297e-01 -2.081814002990722656e+01 -1.425763487815856934e+00 -3.309672594070434570e+00 -7.162705898284912109e+00 1.940230606123805046e-03 4.582913219928741455e-02 -9.619590044021606445e-01 -1.178891372680664062e+01 -6.356037616729736328e+00 7.453930377960205078e-01 -1.439600158482789993e-02 -5.384871482849121094e+00 -3.440951347351074219e+00 -1.454117536544799805e+00 -7.076028347015380859e+00 8.515931963920593262e-01 -1.324308991432189941e+00 -7.464690208435058594e-01 -3.038331747055053711e+00 -8.071134567260742188e+00
2.006240367889404297e+00 4.717037677764892578e+00 2.567076921463012695e+00 -5.018186569213867188e+00 -6.387766838073730469e+00 6.003809928894042969e+00 6.328699111938476562e+00 7.291320800781250000e+00 4.806837081909179688e+00 -5.746702671051025391e+00 6.147913932800292969e+00 -3.644104480743408203e+00 2.143503189086914062e+00 -1.245897197723388672e+01 4.271677494049072266e+00 3.504918336868286133e+00 -3.775393486022949219e+00 2.335115671157836914e+00 -4.983160495758056641e+00 -2.655628621578216553e-01 1.269748449325561523e+00 -2.624082326889038086e+00 2.062829256057739258e+00 -1.788873076438903809e+00 2.706700861454010010e-01 -6.268749713897705078e+00 -5.162653923034667969e+00 -4.984550476074218750e+00 -7.216803073883056641e+00 -4.276606559753417969e+00 1.712229728698730469e+00 -4.350237846374511719e+00
4.775616824626922607e-01 -1.405181884765625000e+00 8.255997896194458008e-01 -2.037264347076416016e+00 -3.651627779006958008e+00 -4.007042407989501953e+00 1.152759671211242676e+00 -3.691810369491577148e+00 -7.300051212310791016e+00 -2.639907360076904297e+00 -3.406140804290771484e+00 -1.106443166732788086e+00 -1.694122552871704102e-01 -1.276177287101745605e+00 1.719295144081115723e+00 -3.679785490036010742e+00 -4.294808387756347656e+00 -2.436352968215942383e+00 -3.268243551254272461e+00 -7.183817863464355469e+00 -2.352801799774169922e+00 -3.458920001983642578e+00 -1.084332823753356934e+00 -5.270814418792724609e+00 -6.182817220687866211e-01 4.106672406196594238e-01 1.039230704307556152e+00 2.861020803451538086e+00 -3.191205978393554688e+00 -4.515867710113525391e+00 -5.647405147552490234e+00 -1.182145833969116211e+00
-6.125345706939697266e+00 5.268476486206054688e+00 3.446547985076904297e+00 5.058293938636779785e-01 2.296925306320190430e+00 5.422817230224609375e+00 2.667298793792724609e+00 5.964790821075439453e+00 3.446726560592651367e+00 -1.717401981353759766e+00 4.862505435943603516e+00 -1.088302254676818848e+00 -4.133759498596191406e+00 2.344293117523193359e+00 1.431641936302185059e+00 2.642214775085449219e+00 2.396866559982299805e+00 1.932611584663391113e+00 5.755990505218505859e+00 -5.893697142601013184e-01 4.615502357482910156e-01 7.364580154418945312e+00 -1.703706860542297363e+00 1.715505242347717285e+00 -9.643267989158630371e-01 -2.965727806091308594e+00 -2.175456523895263672e+00 -3.715737342834472656e+00 3.499811410903930664e+00 6.790308952331542969e+00 2.120564937591552734e+00 -1.005544900894165039e+00
9.935795068740844727e-01 -2.358978986740112305e+00 -1.434601068496704102e+00 6.310552358627319336e-01 -2.869023799896240234e+00 -4.009108066558837891e+00 -1.060665965080261230e+00 -4.856245517730712891e+00 -2.811279773712158203e+00 8.293104171752929688e-02 -4.958706855773925781e+00 -1.164894938468933105e+00 -7.689346313476562500e+00 -2.698639154434204102e+00 -7.060703635215759277e-01 -3.275662660598754883e+00 -1.339514493942260742e+00 -1.940441846847534180e+00 -4.131499767303466797e+00 -4.244589805603027344e-01 -4.122765541076660156e+00 -7.821203231811523438e+00 1.909305334091186523e+00 -8.588484525680541992e-01 1.416288256645202637e+00 1.308352947235107422e+00 2.483392953872680664e+00 2.977724552154541016e+00 -4.279903888702392578e+00 -6.037146568298339844e+00 -7.972763180732727051e-01 -2.306845664978027344e+00
