
W{1} = [7.754808425903320312e+00 -9.479901194572448730e-01 6.298787117004394531e+00 3.180715560913085938e+00 4.533608913421630859e+00 -4.966811656951904297e+00 -9.469754219055175781e+00 -9.100931167602539062e+00
-2.467844581604003906e+01 6.397554874420166016e+00 -1.599148631095886230e+00 -1.155910110473632812e+01 -5.150675773620605469e+00 -1.527509880065917969e+01 -8.841227531433105469e+00 -3.522357463836669922e+00
5.026990413665771484e+00 -3.500811576843261719e+00 1.072874426841735840e+00 7.285071372985839844e+00 -1.800381660461425781e+00 -9.435285568237304688e+00 -8.462758064270019531e+00 4.246130943298339844e+00
-3.862101733684539795e-01 -2.112636089324951172e+00 -4.265010833740234375e+00 3.880390167236328125e+00 6.195779800415039062e+00 -5.450366497039794922e+00 6.095529794692993164e-01 3.627872705459594727e+00
2.890581369400024414e+00 -1.059069871902465820e+00 -1.996658325195312500e+00 1.938007235527038574e+00 3.113625288009643555e+00 -2.123029232025146484e+00 8.313201069831848145e-01 1.735044479370117188e+00
-7.130710601806640625e+00 6.784417629241943359e+00 -8.810327649116516113e-01 -1.214007663726806641e+01 -5.850847244262695312e+00 -2.462546110153198242e+00 -3.806506156921386719e+00 -3.286462783813476562e+00
-4.630881309509277344e+00 -3.766539573669433594e+00 6.771542072296142578e+00 6.556125640869140625e+00 -2.912395238876342773e+00 8.366301536560058594e+00 4.138152599334716797e+00 -1.816905021667480469e+00
9.304907798767089844e+00 5.260715007781982422e+00 -3.699470520019531250e+00 -9.463942527770996094e+00 -1.489695072174072266e+00 -5.521830558776855469e+00 -3.809356212615966797e+00 -9.080647230148315430e-01
-6.706804752349853516e+00 -4.495034217834472656e+00 5.378796100616455078e+00 8.059099197387695312e+00 -7.167878150939941406e-01 7.047023296356201172e+00 3.882574319839477539e+00 -3.351933956146240234e-01
-1.338317632675170898e+00 -2.459140300750732422e+00 -4.711871147155761719e+00 4.435050010681152344e+00 7.050055027008056641e+00 -5.392052650451660156e+00 9.257735610008239746e-01 3.856409072875976562e+00
-3.916488885879516602e+00 -1.233065605163574219e+00 -2.488388061523437500e+00 2.183923959732055664e+00 3.507980823516845703e+00 -3.002163171768188477e+00 2.914386391639709473e-01 2.017881631851196289e+00
-1.978607773780822754e+00 -5.922676324844360352e-01 -1.534672856330871582e+00 1.111666917800903320e+00 1.729174375534057617e+00 -8.154085278511047363e-01 -1.955731213092803955e-01 1.088351130485534668e+00
-1.111152768135070801e+00 -3.339330554008483887e-01 -5.637773871421813965e-01 5.652430653572082520e-01 8.671224713325500488e-01 -4.549442231655120850e-01 -2.195035666227340698e-01 5.519207119941711426e-01
-2.660444080829620361e-01 -1.386481821537017822e-01 -5.517613291740417480e-01 1.952406018972396851e-01 4.188828170299530029e-01 -5.112385153770446777e-01 -2.432477474212646484e-01 2.883303165435791016e-01
]

b{1} = [8.041217327117919922e-01
-2.925565719604492188e+00
6.597087860107421875e+00
-4.871384203433990479e-01
-7.448488235473632812e+00
3.678684234619140625e-01
-9.447172880172729492e-01
-1.164269804954528809e+00
]

W{2} = [-1.153280615806579590e+00 1.195599460601806641e+01 -3.948891067504882812e+01 1.765785813331604004e+00 1.166192650794982910e+00 2.620605230331420898e-01 1.348310112953186035e+00 8.798026084899902344e+00
-1.927506446838378906e+01 1.206045627593994141e+01 2.936060428619384766e+00 -1.920441246032714844e+01 -1.179209041595458984e+01 -1.209210872650146484e+01 -1.160675430297851562e+01 -3.249462127685546875e+00
1.688704729080200195e+00 -7.378954410552978516e+00 -3.388280105590820312e+01 6.566386222839355469e-01 5.567670822143554688e+00 6.581859588623046875e+00 4.430345058441162109e+00 3.927507019042968750e+01
1.254176235198974609e+01 6.322525501251220703e+00 6.807152748107910156e+00 1.185094165802001953e+01 -8.974410057067871094e+00 -1.078562641143798828e+01 -7.607283115386962891e+00 5.713583946228027344e+00
-6.158620715141296387e-01 -9.178205490112304688e+00 -2.563474416732788086e+00 -3.619480431079864502e-01 4.349549770355224609e+00 5.308286190032958984e+00 4.842359066009521484e+00 4.351581192016601562e+01
-8.786071777343750000e+00 3.549779891967773438e+00 -5.096778106689453125e+01 -1.329171752929687500e+01 4.294883251190185547e+00 5.442158699035644531e+00 5.192571640014648438e+00 -1.378186941146850586e+00
-1.695311546325683594e+01 1.105283975601196289e+00 6.996396064758300781e+00 -1.080707788467407227e+00 -7.647624492645263672e+00 -4.651769638061523438e+00 -6.867607116699218750e+00 3.084329032897949219e+01
-7.774395346641540527e-01 -2.020823001861572266e+00 -8.448575019836425781e+00 -4.229669868946075439e-01 3.771869421005249023e+00 3.368173837661743164e+00 3.252841711044311523e+00 2.582776069641113281e+01
]

b{2} = [-2.925266027450561523e+00
1.387369036674499512e+00
-1.137550711631774902e+00
-2.484134435653686523e+00
-2.423006772994995117e+00
-1.769520998001098633e+00
-2.603639841079711914e+00
-2.182998508214950562e-01
]

W{3} = [-1.050356197357177734e+01
-1.309510040283203125e+01
2.320427703857421875e+01
-8.694780349731445312e+00
1.556785392761230469e+01
1.704574012756347656e+01
1.307529926300048828e+01
-1.117080974578857422e+01
]

b{3} = [3.956177711486816406e+00
]
